4
213222
0
0
erase 8,807,6328,209291,228864,229890,294400,295426,427800
new 8,0,113,119,121,134,295,6840,7588
new 2,7588,8612
new 2,8612,9636
new 2,9636,10660
new 2,10660,11684
new 2,11684,12708
new 2,12708,13732
new 2,13732,14756
new 2,14756,15780
new 2,15780,16804
new 2,16804,17828
new 2,17828,18852
new 2,18852,19876
new 2,19876,20900
new 2,20900,21924
new 2,21924,22948
new 2,22948,23972
new 2,23972,24996
new 2,24996,26020
new 2,26020,27044
new 2,27044,28068
new 2,28068,29092
new 2,29092,30116
new 2,30116,31140
new 2,31140,32164
new 4,32164,32770,32874,33292
new 2,33292,34316
new 2,34316,35340
new 2,35340,36364
new 2,36364,37388
new 2,37388,38412
new 2,38412,39436
new 2,39436,40460
new 2,40460,41484
new 2,41484,42508
new 2,42508,43532
new 2,43532,44556
new 2,44556,45580
new 2,45580,46604
new 2,46604,47628
new 2,47628,48652
new 2,48652,49676
new 2,49676,50700
new 2,50700,51724
new 2,51724,52748
new 2,52748,53772
new 2,53772,54796
new 2,54796,55820
new 2,55820,56844
new 2,56844,57868
new 2,57868,58892
new 2,58892,59916
new 2,59916,60940
new 2,60940,61964
new 2,61964,62988
new 2,62988,64012
new 2,64012,65036
new 2,65036,66060
new 2,66060,67084
new 2,67084,68108
new 2,68108,69132
new 2,69132,70156
new 2,70156,71180
new 2,71180,72204
new 2,72204,73228
new 2,73228,74252
new 2,74252,75276
new 2,75276,76300
new 2,76300,77324
new 2,77324,78348
new 2,78348,79372
new 2,79372,80396
new 2,80396,81420
new 2,81420,82444
new 2,82444,83468
new 2,83468,84492
new 2,84492,85516
new 2,85516,86540
new 2,86540,87564
new 2,87564,88588
new 2,88588,89612
new 2,89612,90636
new 2,90636,91660
new 2,91660,92684
new 2,92684,93708
new 2,93708,94732
new 2,94732,95756
new 2,95756,96780
new 2,96780,97804
new 4,97804,98306,98410,98932
new 2,98932,99956
new 2,99956,100980
new 2,100980,102004
new 2,102004,103028
new 2,103028,104052
new 2,104052,105076
new 2,105076,106100
new 2,106100,107124
new 2,107124,108148
new 2,108148,109172
new 2,109172,110196
new 2,110196,111220
new 2,111220,112244
new 2,112244,113268
new 2,113268,114292
new 2,114292,115316
new 2,115316,116340
new 2,116340,117364
new 2,117364,118388
new 2,118388,119412
new 2,119412,120436
new 2,120436,121460
new 2,121460,122484
new 2,122484,123508
new 2,123508,124532
new 2,124532,125556
new 2,125556,126580
new 2,126580,127604
new 2,127604,128628
new 2,128628,129652
new 2,129652,130676
new 2,130676,131700
new 2,131700,132724
new 2,132724,133748
new 2,133748,134772
new 2,134772,135796
new 2,135796,136820
new 2,136820,137844
new 2,137844,138868
new 2,138868,139892
new 2,139892,140916
new 2,140916,141940
new 2,141940,142964
new 2,142964,143988
new 2,143988,145012
new 2,145012,146036
new 2,146036,147060
new 2,147060,148084
new 2,148084,149108
new 2,149108,150132
new 2,150132,151156
new 2,151156,152180
new 2,152180,153204
new 2,153204,154228
new 2,154228,155252
new 2,155252,156276
new 2,156276,157300
new 2,157300,158324
new 2,158324,159348
new 2,159348,160372
new 2,160372,161396
new 2,161396,162420
new 2,162420,163444
new 4,163444,163842,163946,164572
new 2,164572,165596
new 2,165596,166620
new 2,166620,167644
new 2,167644,168668
new 2,168668,169692
new 2,169692,170716
new 2,170716,171740
new 2,171740,172764
new 2,172764,173788
new 2,173788,174812
new 2,174812,175836
new 2,175836,176860
new 2,176860,177884
new 2,177884,178908
new 2,178908,179932
new 2,179932,180956
new 2,180956,181980
new 2,181980,183004
new 2,183004,184028
new 2,184028,185052
new 2,185052,186076
new 2,186076,187100
new 2,187100,188124
new 2,188124,189148
new 2,189148,190172
new 2,190172,191196
new 2,191196,192220
new 2,192220,193244
new 2,193244,194268
new 2,194268,195292
new 2,195292,196316
new 2,196316,197340
new 2,197340,198364
new 2,198364,199388
new 2,199388,200412
new 2,200412,201436
new 2,201436,202460
new 2,202460,203484
new 2,203484,204508
new 2,204508,205532
new 2,205532,206556
new 2,206556,207580
new 2,207580,208604
new 8,208604,208779,229376,229378,294912,294914,428312,429157
new 2,429157,430181
new 2,430181,431205
new 2,431205,432229
new 2,432229,433253
new 2,433253,434277
new 4,434277,435102,435199,435200
zero 8,113,119,121,134,295,807,6328,6821
zero 12,6821,6840,32770,32874,98306,98410,163842,163946,208779,209291,228864,229045
zero 6,229045,229376,229378,229890,294400,294581
zero 6,294581,294912,294914,295426,427800,427981
zero 4,427981,428312,435102,435199
