4
56035
0
0
erase 4,571,2274,55791,87653
new 6,0,27,29,59,2786,3753
new 2,3753,4777
new 2,4777,5801
new 2,5801,6825
new 2,6825,7849
new 2,7849,8873
new 2,8873,9897
new 2,9897,10921
new 2,10921,11945
new 2,11945,12969
new 2,12969,13993
new 2,13993,15017
new 2,15017,16041
new 2,16041,17065
new 2,17065,18089
new 2,18089,19113
new 2,19113,20137
new 2,20137,21161
new 2,21161,22185
new 2,22185,23209
new 2,23209,24233
new 2,24233,25257
new 2,25257,26281
new 2,26281,27305
new 2,27305,28329
new 2,28329,29353
new 2,29353,30377
new 2,30377,31401
new 2,31401,32425
new 4,32425,32770,32791,33470
new 2,33470,34494
new 2,34494,35518
new 2,35518,36542
new 2,36542,37566
new 2,37566,38590
new 2,38590,39614
new 2,39614,40638
new 2,40638,41662
new 2,41662,42686
new 2,42686,43710
new 2,43710,44734
new 2,44734,45758
new 2,45758,46782
new 2,46782,47806
new 2,47806,48830
new 2,48830,49854
new 2,49854,50878
new 2,50878,51902
new 2,51902,52926
new 2,52926,53950
new 2,53950,54974
new 4,54974,55279,88165,88884
new 4,88884,89566,89599,89600
zero 6,27,29,59,571,2274,2784
zero 8,2784,2786,32770,32791,55279,55791,87653,88142
zero 4,88142,88165,89566,89599
